0 000000000000004501
1 000000000000004601
2 000000000001004601
3 000000000000004701
4 000000000000004C01
5 000000000001004C01
101690 us

0 000101010000004201
1 000101010101010101
2 000045010001004301
3 000000000000004601
4 000000000001004601
5 000000000000004701
1501766 us

no signal
1 000101010101010101
2 000045010001004301
3 000000000000004601
4 000000000001004601
5 000000000000004701
1968801 us

no signa
1 000101010101010101
2 000045010001004301
3 000000000000004601
4 000000000001004601
5 000000000000004701
1819307 us

0 000000000000004501
1 000000000000004601
2 000000000001004601
3 000000000000004701
4 000000000000004C01
5 000000000001004C01
6 000000000301004401
7 00FFFFFF0100004D01
8 000000000000004101
9 00000003FFFF004F01
10 000000000200004001
184897 us

0 000000000000004501
1 000000000000004601
2 000000000001004601
3 000000000000004701
4 000000000000004C01
5 000000000001004C01
6 000000000301004401
7 00FFFFFF0100004D01
8 000000000000004101
9 00000003FFFF004F01
10 000000000200004001
184789 us

n
1 000101010101010101
2 000045010001004301
3 000000000000004601
4 000000000001004601
5 000000000000004701
6 000000000000004C01
7 000000000001004C01
8 000000000301004401
9 00FFFFFF0100004D01
10 000000000000004101
1887308 us

9/13/2007
0 000000000000004501
1 000000000000004601
2 000000000001004601
3 000000000000004701
4 000000000000004C01
5 000000000001004C01
6 000000000301004401
7 00FFFFFF0100004D01
8 000000000000004101
9 00000003FFFF004F01
10 000000000200004001
183493 us

1 000101010000004201
2 004201010101010101
3 000045010001004301
4 000000000000004601
5 000000000001004601
6 000000000000004701
7 000000000000004C01
8 000000000001004C01
9 000000000301004401
10 00FFFFFF0100004D01
1218355 us

1 010001004301
2 000000004601
3 000001004601
4 000000004701
5 000000004C01
6 000001004C01
7 000301004401
8 FF0100004D01
9 000000004101
10 03FFFF004F01
183743 us
no
1 010101010101
2 010001004301
3 000000004601
4 000001004601
5 000000004701
6 000000004C01
7 000001004C01
8 000301004401
9 FF0100004D01
1582413 us

0 010000004201 FFFFFFFFFFFF
1 010000004201 FFFFFF5A41FF  ID starts as 41
2 010101010101 FFFFFFFFFFFF
3 010001004301 FFFFFF5A41FF
4 000000004601 0100005AF3FF  ID changed to F3
5 000001004601 0100005AF3FF
6 000000004701 0200005AF3FF
7 000000004C01 0000005AF3FF
8 000001004C01 0000005AF3FF
9 000301004401 0000005AF3FF
10 FF0100004D01 FFFFFF5AF3FF
1551851 us

0 000042010101 000000004501
2 000000004601 000001004601
4 000000004701 000000004C01
6 000001004C01 000301004401
8 FF0100004D01 000000004101
10 03FFFF004F01 000200004001
12 000201004001 000202004001
14 000203004001 000204004001
16 000205004001 000206004001
18 000207004001 000208004001
20 000209004001 00020A004001
333646 us

n
2 010101010101
3 010001004301
4 000000004601
5 000001004601
6 000000004701
7 000000004C01
8 000001004C01

000000004501 000000004601 000001004601
000000004701 000000004C01 000001004C01
000301004401 FF0100004D01 000000004101
03FFFF004F01 000200004001 000201004001
000202004001 000203004001 000204004001
000205004001 000206004001 000207004001
000208004001 000209004001 00020A004001
00020B004001 000000004101 000000004301
010000004201 000000004201 000000004201
000000004201 000000004201 000000004201
531272 us

000000004501 000000004601 000001004601
000000004701 000000004C01 000001004C01
000301004401 FF0100004D01 000000004101
03FFFF004F01 000200004001 000201004001
000202004001 000203004001 000204004001
000205004001 000206004001 000207004001
000208004001 000209004001 00020A004001
00020B004001 000000004101 000000004301
010000004201 000000004201 000000004201
000000004201 000000004201 000000004201
533108 us

 420101010101
010001004301 000000004601 000001004601
000000004701 000000004C01 000001004C01
000301004401 FF0100004D01 000000004101
03FFFF004F01 000200004001 000201004001
000202004001 000203004001 000204004001
000205004001 000206004001 000207004001
000208004001 000209004001 00020A004001
00020B004001 000000004101 000000004301
010000004201 000000004201 000000004201
2068782 us

010000004201 010101010101 010001004301  Wired
000000004601 000001004601 000000004701
000000004C01 000001004C01 000301004401
FF0100004D01 000000004101 03FFFF004F01
000200004001 000201004001 000202004001
000203004001 000204004001 000205004001
000206004001 000207004001 000208004001
000209004001 00020A004001 00020B004001
000000004101 000000004301 010000004201
000000004201 000000004201 000000004201
2035626 us
9 000301004401
10 FF0100004D01
1752212 us

010000004201 010101010101 010001004301 WIRELESS PREDATOR
000000004601 000001004601 000000004701
000000004C01 000001004C01 000301004401
FF0100004D01 000000004101 03FFFF004F01
000200004001 000201004001 000202004001
000203004001 000204004001 000205004001
000206004001 000207004001 000208004001
000209004001 00020A004001 00020B004001
000000004101 000000004301 010000004201
000000004201 000000004201 000000004201
1534679 us